Erzeugt mit a = 25173 b =13849 m = 65536 und x_0 = 53632
6.103608758678569e-05
0.7477683680476082
0.4972304875257496
0.8034027618829633
0.9604638742656596
0.5995117112993057
0.48935683222705423
0.6028992141603723
0.7616693369954985
0.4209811551079576
0.40823987182421606
0.6768139162279698
0.3880674448767834
0.8840619516289006
0.363256275272755
0.3220111390859846
0.07403677424277104
0.9106126497291523
0.7137865262836652
0.08537422751201648
0.3039597161821927
0.6725108720531014
0.06918440527962158
0.7637903410391393
0.8122072175173571
0.5916380560006104
0.28885328450446324
0.40410467689021135
0.5831387808041505
0.3398641947051194
0.48215457389181354
0.3032120241092546
0.8511482413977264
0.8390783550774396
0.008453498130769817
0.007980468451972228
0.10058747234302282
0.2611276417181659
0.47714961470969713
0.31529716945143815
0.06585793850614176
0.027908751049057757
0.7476005188067445
0.2720225833524071
0.7313344014648661
0.811306935225452
0.9291828793774319
0.17503624017700464
0.3313649195086595
0.5331654840924697
0.38126192111085677
0.5712214847028305
0.3503471427481498
0.3653772793163958
0.7132372014953842
0.2574349584191653
0.5226520180056459
0.7298237582970931
0.784466315709163
0.2805676356145571
0.8326543068589304
0.29835965514610513
0.7043259327077135
0.9374990463111315
0.5147173266193636
0.9928892957961395
0.8321965362020295
0.7750820172426948
0.05322346837567712
0.9852597848477913
0.7774471656366827
0.5902037079423209
0.18255893797207598
0.6973525597009231
0.39945067521171895
0.42973983367666135
0.8870984969863431
0.8010528725108721
0.8075989929045548
0.5905699244678416
0.40119020370794234
0.21821927214465553
0.3612420843823911
0.6195620660715648
0.20923170824750134
0.12074464026855879
0.6697795071335927
0.31358815899900816
0.045593957427328906
0.9305104142824445
0.5925688563363088
0.7195391775387198
0.8946669718471046
0.3193560692759594
0.23898680094605937
0.1342641336690318
0.9907988097962921
0.20918593118181125
0.9684290836957351
0.10466163118944076
